ID;gi_aspect;gi_aspect_std;gi_curv;gi_curv_std;gi_solar;gi_solar_std;gi_slope_1;gi_slope_std_1;gi_dem_1;gi_dem_std_1;gi_flow;gi_flow_std;gi_TO;gi_TO_std;Species_Count;UnitCount;MainGeo;MainGeomorph;GeoCount;GeomorphCount
1;178.42;70.58;-0.67;16.45;536147.31;105336.55;42.50;12.45;940.94;38.74;3363.50;20300.02;138.07;19.36;0;4;Trachytic Lava;Barranco;4;3
2;230.03;54.87;0.63;15.67;639402.38;123004.21;34.64;16.02;1054.00;41.33;17.75;48.59;147.87;19.88;19;6;Trachytic Lava;Barranco;3;5
3;197.20;63.54;-0.28;6.37;703413.75;74353.87;25.93;10.60;1088.20;18.43;389.46;2099.02;151.84;16.09;8;6;Fonolytic Lava;Lava Flow;2;2
4;147.55;68.86;-0.91;28.41;519822.09;151885.38;42.88;16.69;1018.18;60.64;3374.40;20197.21;139.18;22.73;0;9;Trachytic Lava;Barranco;2;4
5;229.79;53.63;0.75;20.01;611085.31;149026.11;35.65;21.57;1085.56;53.10;20.28;83.34;148.62;22.59;28;8;Trachybasaltic Lava;Barranco;3;4
6;180.55;58.89;0.26;6.43;740393.88;54981.21;19.11;10.26;1132.70;11.92;313.12;1803.73;157.90;15.96;13;7;Fonolytic Lava;Lava Flow;1;3
7;153.32;61.94;-0.26;21.69;598514.13;118525.59;39.71;14.99;1085.55;46.18;2348.96;16663.07;140.24;21.66;59;8;Trachybasaltic Lava;Barranco;3;4
8;251.40;49.01;0.51;13.22;607366.56;135715.89;33.64;15.45;1118.36;41.81;1004.01;10922.25;147.16;19.65;55;8;Trachybasaltic Lava;Barranco;2;5
9;202.74;60.24;0.09;7.92;712894.38;80604.33;24.71;10.57;1171.29;16.36;268.34;1453.21;153.33;17.42;20;4;Fonolytic Lava;Lava Flow;1;3
10;206.78;30.47;0.29;4.36;805387.00;24260.23;14.56;6.01;1561.61;12.48;26.23;100.49;162.11;11.73;15;2;Fonolytic Lava;Lava Flow;1;2
11;211.04;59.28;-0.26;11.13;745305.19;67113.07;25.02;9.68;1566.30;19.95;820.16;4829.77;151.77;18.39;22;5;Fonolyitc Lava;Barranco;1;3
12;193.34;26.95;0.18;3.26;819141.38;15794.47;14.78;4.39;1605.10;13.03;31.27;93.70;162.91;10.73;6;1;Fonolytic Lava;Lava Flow;1;1
13;229.03;38.80;0.05;4.87;793103.94;39449.73;14.88;5.40;1592.02;11.01;111.19;637.84;161.34;12.42;6;3;Fonolytic Lava;Lava Flow;1;2
14;196.42;60.38;-0.21;8.58;764905.06;69640.59;21.36;9.66;1600.40;13.41;756.78;4440.03;155.35;15.99;22;3;Fonolytic Lava;Barranco;1;3
15;234.30;33.06;0.20;3.99;790819.19;36816.09;16.49;4.83;1640.70;15.19;17.05;33.61;160.90;11.45;9;2;Fonolytic Lava;Lava Flow;1;2
16;213.35;40.23;0.05;5.70;790725.88;48908.08;22.30;6.69;1636.17;21.10;127.79;845.85;154.98;14.42;12;4;Fonolytic Lava;Lava Flow;1;2
17;190.19;36.70;0.07;6.78;807950.31;38214.54;23.34;6.79;1659.27;22.31;87.40;1126.45;155.05;14.22;23;5;Fonolytic Lava;Lava Flow;1;4
18;227.93;59.93;-0.39;10.54;724077.06;88391.39;29.70;9.06;1663.38;22.34;695.99;3977.88;149.01;18.10;22;5;Fonolytic Lava;Barranco;1;3
19;290.15;14.81;-0.18;12.11;685388.75;64119.97;28.75;8.09;2071.35;31.30;65.15;478.23;149.45;15.98;15;4;Fonolytic Lava II;Boca;4;1
20;138.06;134.76;0.59;5.67;758647.06;60690.23;13.81;7.89;2129.91;10.79;9.40;18.62;163.62;12.53;16;4;Fonolytic Lava II;Boca;2;3
21;99.81;118.58;0.16;4.44;756829.25;54452.67;13.82;6.89;2110.66;13.47;25.19;86.78;162.49;12.70;15;5;Fonolytic Lava II;Boca;1;3
22;254.49;53.45;0.08;6.06;767515.94;64996.43;22.28;7.44;2056.81;16.93;114.62;683.16;155.51;14.36;15;5;Fonolytic Lava II;Gully;3;5
23;254.30;91.57;-0.18;3.84;780776.00;70843.22;12.77;6.79;2087.81;8.81;79.86;410.76;164.19;11.50;13;6;Basaltic Lava;Gully;4;5
24;132.32;77.85;-0.15;4.80;805725.75;62537.57;13.38;6.70;2083.95;8.06;77.41;337.90;162.55;12.84;11;5;Fonolytic Lava;Gully;4;5
25;258.95;36.08;-0.11;7.44;744208.38;63129.39;25.94;7.34;2059.11;27.17;380.52;3041.47;154.19;15.23;21;5;Fonolytic Lava;Lava Flow;2;4
26;180.60;46.09;0.03;3.08;850336.50;20042.02;10.88;4.77;2102.44;9.28;37.08;181.87;165.53;10.03;16;5;Fonolytic Lava II;Lava Flow;3;4
27;176.36;49.09;-0.08;3.68;840386.44;26468.34;8.67;5.50;2098.93;6.20;62.96;362.41;167.92;10.90;6;4;Fonolytic Lava;Lava Flow;2;2
28;105.81;63.70;-0.06;10.82;746452.50;68280.56;25.74;10.40;2063.27;25.15;675.24;4354.31;151.60;17.39;14;4;Fonolytic Lava II;Boca;2;3
29;182.91;73.91;-0.12;6.31;818004.25;47490.80;13.47;6.72;2072.78;6.35;711.63;3072.55;161.50;13.81;13;6;Fonolytic Lava;Barranco;1;3
30;173.21;54.76;-0.05;6.01;839865.00;27805.31;12.00;5.60;2093.03;7.63;434.86;2154.22;163.07;13.19;3;2;Fonolytic Lava;Lava Flow;1;2
